   1.7566746e+00   2.1688717e-01
   2.2547219e+00   4.6480081e+00
   2.0585755e+00   8.9137438e+00
   1.2419486e+00   2.2684245e+00
   2.7978617e+00   5.6817446e+00
   1.2640756e+00   4.1134353e+00
   1.8020059e+00   4.1168564e+00
   2.0742752e+00   3.9728109e+00
   3.7239951e+00   7.5007890e+00
   1.0230553e+00   3.2379271e+00
   4.2798455e-01   2.0655105e+00
   2.3038131e+00   4.9219601e+00
   5.3842559e-01   7.4728778e-01
   1.3656157e+00   4.3967782e-01
   8.1429932e-01   7.5081078e-01
   1.8556397e+00   1.9120554e+00
   1.8187997e+00   6.1878363e-01
   1.8549244e+00   1.1618033e+00
   2.2321246e+00   4.5599386e+00
   2.0885076e+00   2.1479294e+00
   2.3015150e+00   1.6639607e+00
   1.0679867e+00  -1.5509579e-01
   1.8102992e-01   4.0841562e-01
   1.4367993e+00   2.0829363e+00
   2.4833017e+00   4.2380529e+00
   1.5172181e+00   4.0698024e+00
   3.4716377e+00   9.5556115e+00
   2.7477011e+00   8.3018222e+00
   4.4320565e-01   7.2876042e-01
   2.3817161e+00   7.5475308e+00
  -3.4196810e-01  -6.3060580e-01
   2.5076310e+00   8.6967482e+00
   2.6252787e+00   3.6108582e+00
   6.6171774e-01  -2.5738296e-01
  -2.5017941e-01  -7.6387985e-01
   1.4260646e+00   1.0058901e+00
   2.9849787e+00   6.5811618e+00
  -7.2727113e-01   6.8211599e-01
   1.8233917e+00   3.0973451e-01
   9.9237299e-01   6.1939925e-01
